# -*- coding: utf-8 -*-
"""
Documentation for colourLib:
-----
Created on Wed Dec  2 12:17:06 2015

Paul J. Durack 2nd December 2015

|  PJD  2 Dec 2015  - Added matlab colour palettes

@author: durack1
"""

#%% Imports
import numpy as np

#%% Define functions

def twoFiftyFiveToCent(array):
    # First check bounds
    if array.max() > 255. or array.min() < 0:
        print 'Array bounds invalid | 0 <= array <= 255'
        return None
    newArray = np.round((array/255.)*100)
    return newArray

#%% Following palettes are copied from those included in the csirolib
# @ ocean:/work/durack1/csiro/toolbox-local/csirolib/colour/make_pccsp_colourpalettes.m

# Define colours - in 1:255 notation

# Blue - white - red
duro1 =     np.array([[128, 144, 160, 176, 192, 208, 225, 241, 255, 255, 255, 255, 255, 255, 255, 255, 255, 255, 255,
                       255, 255, 255, 255, 255, 255, 255, 255, 255, 255, 255, 255, 253, 251, 245, 226, 208, 189, 171,
                       153, 134, 124, 119, 113, 108, 103,  97,  92,  86,  81,  75,  70,  65,  59,  54,  48,  43,  38,
                        32,  27,  22,  16,  11,   5,   0],
                      [  0,   0,   0,   0,   0,   0,   0,   0,   2,  13,  24,  36,  47,  58,  70,  81,  93, 104, 116,
                       127, 138, 150, 161, 172, 184, 195, 207, 218, 230, 241, 252, 255, 255, 255, 255, 255, 255, 255,
                       255, 255, 245, 229, 212, 196, 180, 164, 148, 132, 115,  99,  83,  67,  50,  34,  18,   2,   0,
                        0,   0,   0,   0,   0,   0,   0],
                      [  0,   0,   0,   0,   0,   0,   0,   0,   0,   0,   0,   0,   0,   0,   0,   0,   0,   0,   0,
                         0,   0,   0,   0,   0,  14,  52,  90, 128, 165, 203, 245, 255, 255, 247, 234, 238, 242, 246,
                       250, 253, 255, 255, 255, 255, 255, 255, 255, 255, 255, 255, 255, 255, 255, 255, 255, 255, 241,
                       225, 208, 192, 176, 160, 144, 128]]);
# Blue - red (no white)
duro2 =     np.array([[128, 144, 160, 176, 192, 208, 225, 241, 255, 255, 255, 255, 255, 255, 255, 255, 255, 255, 255,
                       255, 255, 255, 255, 255, 255, 255, 255, 255, 255, 255, 226, 208, 189, 171, 153, 134, 124, 119,
                       113, 108, 103,  97,  92,  86,  81,  75,  70,  65,  59,  54,  48,  43,  38,  32,  27,  22,  16,
                        11,   5,   0],
                      [  0,   0,   0,   0,   0,   0,   0,   0,   2,  13,  24,  36,  47,  58,  70,  81,  93, 104, 116,
                       127, 138, 150, 161, 172, 184, 195, 207, 218, 230, 241, 255, 255, 255, 255, 255, 255, 245, 229,
                       212, 196, 180, 164, 148, 132, 115,  99,  83,  67,  50,  34,  18,   2,   0,   0,   0,   0,   0,
                         0,   0,   0],
                      [  0,   0,   0,   0,   0,   0,   0,   0,   0,   0,   0,   0,   0,   0,   0,   0,   0,   0,   0,
                         0,   0,   0,   0,   0,  14,  52,  90, 128, 165, 203, 234, 238, 242, 246, 250, 253, 255, 255,
                       255, 255, 255, 255, 255, 255, 255, 255, 255, 255, 255, 255, 255, 255, 241, 225, 208, 192, 176,
                       160, 144, 128]]);
# Green - brown
duro3 =     np.array([[128, 161, 181, 199, 217, 224, 232, 237, 245, 250, 217, 199, 179, 158, 135, 102, 051,   0,   0,   0],
                      [ 43,  69,  94, 112, 148, 179, 201, 217, 232, 242, 245, 245, 245, 245, 240, 222, 204, 191, 179, 153],
                      [ 36,  51,  56,  74,  97, 115, 128, 140, 153, 168, 168, 168, 168, 168, 168, 168, 168, 168, 168, 168]]);
# Dark blue - green - grey - yellow - dark orange ; PRESSURE_2A
pressure1 = np.array([[175, 206, 231, 243, 255, 222,  75,   6,   0,  33,  56],
                      [ 37,  88, 120, 174, 245, 222, 176, 138, 103,  70,  21],
                      [ 28,  50,  68,  49,   0, 222,  51, 131, 172, 129,  79]]);
# Blue - grey - deep red ; PRESSURE_2B
pressure2 = np.array([[175, 194, 210, 227, 247, 222, 182, 140, 109,  81,  33],
                      [ 37,  89, 120, 153, 197, 222, 211, 163, 130, 104,  70],
                      [ 28,  67,  98, 133, 180, 222, 239, 204, 177, 156, 129]]);
# Dark blue - green - grey - yellow - dark orange ; RAIN_1A
rain1 =     np.array([[175, 185, 195, 206, 218, 231, 237, 243, 250, 255, 222,  75,  51,   6,   0,   0,   0,  33,  47,  54,  56],
                      [ 37,  56,  72,  88, 103, 120, 146, 174, 206, 245, 222, 176, 156, 138, 120, 103,  86,  70,  54,  38,  21],
                      [ 28,  34,  41,  50,  59,  68,  61,  49,   0,   0, 222,  51, 101, 131, 153, 172, 149, 129, 111,  94,  79]]);
# Dark blue - light blue - grey - yellow - dark orange ; RAIN_1B
rain2 =     np.array([[175, 185, 195, 206, 218, 231, 237, 243, 250, 255, 222, 200, 158, 140, 123, 109,  94,  81,  66,  51,  33],
                      [ 37,  56,  72,  88, 103, 120, 146, 174, 206, 245, 222, 226, 184, 163, 146, 130, 117, 104,  92,  80,  70],
                      [ 28,  34,  41,  50,  59,  68,  61,  49,   0,   0, 222, 250, 219, 204, 190, 177, 167, 156, 146, 137, 129]]);
# Dark blue - green - grey - yellow - dark orange ; RAIN_2A
rain3 =     np.array([[175, 206, 231, 243, 255, 222,  75,   6,   0,  33,  56],
                      [ 37,  88, 120, 174, 245, 222, 176, 138, 103,  70,  21],
                      [ 28,  50,  68,  49,   0, 222,  51, 131, 172, 129,  79]]);
# Dark blue - light blue - grey - yellow - red ; RAIN_2B
rain4 =     np.array([[175, 206, 231, 243, 255, 222, 182, 140, 109,  81,  33],
                      [ 37,  88, 120, 174, 245, 222, 211, 163, 130, 104,  70],
                      [ 28,  50,  68,  49,   0, 222, 239, 204, 177, 156, 129]]);
# Dark red - yellow - grey - green - dark blue ; TEMP_1A
temp1 =     np.array([[ 56,  54,  47,  33,   0,   0,   0,   6,  51,  75, 222, 255, 250, 243, 237, 231, 218, 206, 195, 185, 175],
                      [ 21,  38,  54,  70,  86, 103, 120, 138, 156, 176, 222, 245, 206, 174, 146, 120, 103,  88,  72,  56,  37],
                      [ 79,  94, 111, 129, 149, 172, 153, 131, 101,  51, 222,   0,   0,  49,  61,  68,  59,  50,  41,  34,  28]]);
# Dark red - yellow - grey - light blue - blue ; TEMP_1B
temp2 =     np.array([[ 33,  51,  66,  81,  94, 109, 123, 140, 158, 200, 222, 255, 250, 243, 237, 231, 218, 206, 195, 185, 175],
                      [ 70,  80,  92, 104, 117, 130, 146, 163, 184, 226, 222, 245, 206, 174, 146, 120, 103,  88,  72,  56,  37],
                      [129, 137, 146, 156, 167, 177, 190, 204, 219, 250, 222,   0,   0,  49,  61,  68,  59,  50,  41,  34,  28]]);
# Dark red - yellow - white - green - dark blue ; TEMP_2A
temp3 =     np.array([[ 56,  33,   0,   6,  75, 255, 255, 243, 231, 206, 175],
                      [ 21,  70, 103, 138, 176, 255, 245, 174, 120,  88,  37],
                      [ 79, 129, 172, 131,  51, 255,   0,  49,  68,  50,  28]]);
# Dark red - yellow - white - light blue - blue ; TEMP_2B
temp4 =     np.array([[ 33,  81, 109, 140, 182, 255, 255, 243, 231, 206, 175],
                      [ 70, 104, 130, 163, 211, 255, 245, 174, 120,  88,  37],
                      [129, 156, 177, 204, 239, 255,   0,  49,  68,  50,  28]]);
# Dark blue - dark red ; TEMP_2C
temp5 =     np.array([[175, 186, 199, 213, 228, 247, 182, 143, 114,  89,  63,  33],
                      [ 37,  70,  97, 125, 157, 197, 211, 167, 136, 111,  89,  70],
                      [ 28,  51,  75, 104, 137, 180, 239, 207, 182, 162, 145, 129]]);
# Dark blue - green - grey - yellow - dark red ; WIND_1A
wind1 =     np.array([[175, 185, 195, 206, 218, 231, 237, 243, 250, 255, 222,  75,  51,   6,   0,   0,   0,  33,  47,  54,  56],
                      [ 37,  56,  72,  88, 103, 120, 146, 174, 206, 245, 222, 176, 156, 138, 120, 103,  86,  70,  54,  38,  21],
                      [ 28,  34,  41,  50,  59,  68,  61,  49,   0,   0, 222, 051, 101, 131, 153, 172, 149, 129, 111,  94,  79]]);
# Dark red - grey - blue ; WIND_1B
wind2 =     np.array([[ 33,  51,  66,  81,  94, 109, 123, 140, 158, 200, 222, 247, 236, 227, 218, 210, 202, 194, 187, 181, 175],
                      [ 70,  80,  92, 104, 117, 130, 146, 163, 184, 226, 222, 197, 174, 153, 136, 120, 104,  89,  73,  57,  37],
                      [129, 137, 146, 156, 167, 177, 190, 204, 219, 250, 222, 180, 154, 133, 115,  98,  81,  67,  54,  41,  28]]);
